sample,Si,K2O,CaO 1234567
1,69.8107448107448,2.38343847742344,2.25844391840215
2,55.6445601182443,1.11502323908339,7.36224092032928
3,53.229869545659,1.27463207914336,8.06525244158041
4,56.1274982327614,1.31031235542514,7.16245907473032
5,50.3859006490585,0.814389036193548,8.9431806364265
6,51.6200758306021,0.677219744888918,8.00728918628907
7,72.815693078851,2.98145477468786,1.12709669188677
8,53.4981684981685,0.712458663586483,7.862827983777
9,59.9910031488979,1.28903427399668,5.4172082511266
10,48.4541481909903,0.343065594945294,9.03770355517755
11,53.8737870316818,1.11425667064765,7.28454249514245
12,56.9323950902898,0.782797124902388,6.67122532368036
13,71.259559154296,2.72832458546744,1.71327912879265
14,47.1663132189448,0.113002146836734,9.63718697728461
15,47.9712100764732,0.31990593644729,10.0324375832697
16,53.6591478696742,0.551874190971936,7.62202044189103
17,62.3520339309813,1.49661171465683,4.70794408629795
18,69.0058479532164,2.40604063160454,2.36120530351812
19,62.0300751879699,1.59975001328385,4.84913337932372
20,55.9665188612557,1.5971250971251,6.70112937161483
21,59.6690444058865,1.17414192602163,6.0493869745455
22,54.4103849367007,1.20629134162969,7.59115159700583
23,69.4351262772315,2.48655354670392,2.37765013145974
24,52.9615705931495,0.884355827964851,8.37296158369485
25,66.9667759141443,2.30188024172987,3.04281072187476
26,52.210333526123,0.723376456459163,8.4107960531518
27,57.6299723668145,0.760148512028212,6.55912215563493
28,58.381209433841,1.90800344183803,6.14812202430525
29,69.5961056487372,2.40629615441645,2.42525139801664
30,49.6883233725339,0.527204624948986,9.56402434112102
31,71.4205385258017,3.25625794422787,1.77061825773621
32,69.8107448107448,2.52114204369843,2.14070674292365
33,58.3275496433391,1.02438232889361,6.42630903405961
34,57.0397146712936,1.41398492902252,6.9359261547956
35,57.0933744617955,1.5861376162128,6.81515514157367
36,54.7323436797121,0.724468235746431,7.18907198744199
37,58.4348692243429,1.345737108895,5.82736536351734
38,58.4348692243429,1.44901478360125,6.31847304741679
39,70.8839406207827,2.70521138566251,1.94581230295976
40,70.1863633442581,2.67048351258878,2.16447613663123
41,56.6640961377803,1.99906248026549,7.14822600660656
42,55.7518796992481,0.805236673657726,7.01051585631285
43,70.5619818777713,2.79687438709995,2.03007415685273
44,59.2397660818713,1.36903614347223,5.82402973866012
45,56.342137394769,0.839918088038389,7.20445361892028
46,72.3327549643339,3.01567160213777,1.29145937041763
47,71.5815178973074,2.78584044749458,1.59473261152869
48,60.3666216824112,1.19739450190578,5.48457274146483
49,60.2056423109055,1.73666378177656,5.33523345891647
50,60.6885804254225,1.39261393020792,5.52816992573036
51,53.2835293361609,1.11400114783573,8.15131438049364
52,55.3226013752329,0.896853216402089,7.03354307452419
53,57.7909517383202,1.16185360170323,6.58056950701079
54,53.9274468221837,0.861823361823362,7.51593727897138
55,72.279095173832,2.75171653743082,1.44116686602126
56,52.4249726881306,1.02182710077447,8.00947374340239
57,54.249405565195,0.850487440713005,7.9816523927241
58,53.1762097551571,0.654942801559343,7.705180278179
59,53.9811066126856,0.701192430515739,7.37286654619951
60,56.7177559282822,1.35646906699538,6.70357875529616
61,54.5177045177045,0.621097643654035,7.71474755120627
62,70.8839406207827,2.93471732945417,1.92137765859589
63,56.1274982327614,1.01195462849598,6.60393897791109
64,53.4445087076666,0.838663703325358,7.7174926513181
65,71.6351776878093,2.83176486559945,1.67749596198558
66,63.4252297410192,1.85281051446465,4.50478152942329
67,57.0933744617955,1.51728583307531,6.92765892770557
68,50.9224985540775,0.596590683056849,8.28216463008354
69,53.5518282886704,1.3321479411705,7.57220570152761
70,56.9323950902898,1.0467289602628,6.66482172212127
71,61.3861577019472,1.4617676948504,5.15433460699422
72,55.1079622132254,1.390198078168,7.5877776053516
73,59.6690444058865,1.43807376138203,6.07983253628115
74,67.4497140286614,2.58897173558828,2.91871193906925
75,53.6054880791723,0.987912254829549,8.26531128295069
76,50.9224985540775,0.699868357763095,8.41870357268064
77,55.0006426322216,0.988516217839527,7.20008076616423
78,54.9469828417197,0.804888233459662,7.18718808906103
79,56.342137394769,1.00057224869255,6.70031552345355
80,58.8104877578562,1.33442441713118,5.98453086354263
81,50.6005398110661,0.711204278873451,8.14094501499523
82,54.1420859841912,1.22912578927617,7.64164963869704
83,69.9180643917486,2.83102152651025,2.07930828094681
84,47.7565709144657,0.101782372459065,10.2968827507299
85,71.3132189447979,3.00375494736397,1.73013449066757
86,69.220487115224,2.65859008716152,2.554709028218
87,58.5421888053467,0.852345788436014,6.30734619185805
88,60.2056423109055,1.39240486608908,5.80074726628604
89,52.8005912216439,1.05641559776898,8.57071326657806
90,57.9519311098258,1.40290453072408,6.06728564975248
91,53.0152303836514,0.57454603319265,8.03114181828512
92,59.6690444058865,1.22004311477996,6.03352690967844
93,58.7031681768524,1.23110028373186,5.86499289780735
94,54.249405565195,0.999666304177583,7.77041588694597
95,58.5421888053467,0.95562346314226,6.02516382222102
96,60.7959000064263,1.9205240596218,5.46536675435985
97,63.532549322023,1.92170875629522,4.42200067597535
98,56.4494569757728,1.24159994836687,6.61913592806822
99,57.2006940427993,0.782913271635076,6.19500161715631
100,64.7130647130647,1.85336801878155,4.18358061367895
101,48.0248698669751,0.239602085466747,9.57759391273291
102,72.0644560118244,2.95817896945717,1.48063049403799
103,72.0107962213225,2.82045217383563,1.53056329408969
104,70.2936829252619,2.73938175441935,1.98539625362181
105,51.0834779255832,0.940919286783949,9.07951167664159
106,53.9811066126856,2.08970339045527,7.40033330873012
107,55.80553948975,0.885586983331345,7.35942679084209
108,63.9081678555363,2.02514903642723,4.48946688526813
109,51.9420345736135,0.58555674345148,8.88277112306919
110,68.5229098386993,2.33697978434821,2.8167802822164
111,51.7273954116059,0.883821552994486,8.54794335667758
112,62.7276524644946,1.74923085825341,4.56022074374867
113,58.4885290148448,1.07035320569155,6.24842813373313
114,70.1863633442581,2.55573054069295,2.00276133310177
115,68.7375490007069,2.27969621578644,2.43704028496726
116,71.5815178973074,2.774365150305,1.70657353206493
117,71.9034766403187,2.88925749828005,1.52747043603571
118,55.7518796992481,0.736384890520229,6.93803074115499
119,67.4497140286614,2.39389168336537,3.17792409487358
120,52.210333526123,1.15943774966331,8.988917895583
121,48.0248698669751,0.182225599518833,9.23148453268775
122,69.0595077437183,2.44048975251983,2.64507401637555
123,58.1665702718334,1.23086799026649,5.98316945425513
124,58.0055909003277,1.04719354719355,6.41937306001711
125,71.8498168498168,2.86628367455435,1.97746141236098
126,59.3470856628751,1.56416265438822,5.95762877674007
127,60.420281472913,1.64495432164605,5.7009771673684
128,71.4205385258017,2.73986957069664,1.60044641711587
129,70.0253839727524,3.0490986318054,2.24292883807206
130,60.2056423109055,1.46125664922657,5.83733073404216
131,52.6396118501382,0.74651288561063,7.19919047684097
132,53.0152303836514,1.21716267580929,8.08236248479942
133,71.7424972688131,2.77443483834461,1.56161359281282
134,47.5419317524581,0.0672635635041647,9.39877007254294
135,59.0251269198638,0.990258418829848,5.96849090965068
136,53.1762097551571,0.4828133437156,7.52767799906842
137,53.6591478696742,0.666627162867764,7.40379221267463
138,67.6106934001671,2.19888131918207,2.9741365128015
139,58.8104877578562,1.17377025647702,5.95746713111011
140,58.0055909003277,0.955391169676884,5.95793287428362
141,48.2931688194846,0.285619420957767,9.59092643984762
142,64.8203842940685,2.0714451240767,2.0859340317612
143,48.3468286099865,0.216790867166807,10.1196548230017
144,48.7761069340017,0.216976701939108,8.92428288252714
145,59.2397660818713,1.23133257719724,5.96320838041751
146,50.9224985540775,0.849047221227673,8.40978012081739
147,71.0985797827903,2.78563138337574,1.70281084488647
148,70.6693014587751,2.59036549638053,2.02089549005578
149,68.4692500481974,2.55498720160374,2.71216444819299
150,52.746931431142,0.505578103322464,7.75459917511883
151,62.9959514170041,1.86409997688193,4.4358133326883
152,58.9714671293619,1.42629648268746,5.7728484445492
153,53.3371891266628,0.540259517703127,8.0715433103539
154,61.7081164449585,1.66846242034212,6.17402759377488
155,69.3278066962278,2.80781540931917,2.41745535055836
156,57.5763125763126,1.4142172224879,6.6481932547613
157,57.361673414305,1.27642073882675,6.14310506924199
158,71.8498168498168,2.76300599984811,1.51760855720196
159,50.0102821155453,0.424066326321965,8.51729320357273
160,51.5664160401003,0.5968694352153,9.35193196438928
